a=32.5295236
b=42.009499
c=-124.482003
d=-114.1307816
